Fe,Mn,Ni,Co,Cr,V,Al,SFE
0.142857143,0.142857143,0.142857143,0.142857143,0.142857143,0.142857143,0.142857143,51.64953462
0.202865714,0.025391378,0.365390642,0.296459966,0.054368812,0.03207734,0.023446148,26.63179136
0.182712435,0.006847017,0.510895452,0.071239608,0.161000775,0.038694778,0.028609935,47.89687317
0.035201282,0.015630241,0.72472103,0.141415938,0.030501083,0.008102075,0.044428351,134.4017734
0.227772892,0.014223766,0.531015073,0.100751057,0.063309817,0.0124716,0.050455796,70.89705653
0.085646457,0.014145748,0.427234286,0.330437288,0.075738034,0.034579185,0.032219001,14.21169229
0.575419142,0.039981163,0.238784553,0.051484033,0.028441536,0.030001878,0.035887695,94.06671497
0.309460843,0.007125601,0.288810368,0.298589756,0.055338631,0.031063455,0.009611346,17.11697857
0.432579555,0.008088662,0.368856606,0.066830208,0.052774487,0.042640421,0.028230061,86.21437169
0.469955181,0.025624175,0.239586514,0.152835294,0.047606917,0.039406701,0.024985218,58.58994087
0.117748226,0.022803838,0.334115989,0.404400035,0.062361731,0.032364649,0.026205533,-11.79869057
0.246177103,0.021847528,0.169421006,0.436356272,0.10722257,0.01520065,0.003774871,-63.85173721
0.176802946,0.012324461,0.368017854,0.134126388,0.253783267,0.032606163,0.022338921,0.516495352
0.155801306,0.013864742,0.429266688,0.182158175,0.134735198,0.044619621,0.039554272,29.80339552
0.312327118,0.016109903,0.432720803,0.065662209,0.11014232,0.045334023,0.017703625,47.1624813
0.063647848,0.008950792,0.580374668,0.18648233,0.092532262,0.040427541,0.02758456,66.78930447
0.205905343,0.025616751,0.495901013,0.149217775,0.04680422,0.031296743,0.045258155,61.94716061
0.198630537,0.024444016,0.062086113,0.587494347,0.083540565,0.028029721,0.015774702,-95.3660236
0.091894783,0.028610741,0.165163169,0.546975884,0.107206842,0.03215447,0.027994112,-78.24097473
0.052117034,0.015029174,0.068070104,0.724747285,0.076483833,0.032077726,0.031474844,-129.640332
0.050528742,0.013527299,0.244752895,0.461381073,0.193616035,0.028056661,0.008137295,-67.37843198
0.048492714,0.015519237,0.543224396,0.282199039,0.041601644,0.010390484,0.058572487,67.515626
0.112913522,0.002697177,0.68612548,0.040955763,0.077557373,0.056820954,0.022929732,94.63970199
0.693824838,0.030036667,0.130880216,0.095937894,0.02798149,0.013657233,0.007681661,-224.2638935
0.24737736,0.015952118,0.244113741,0.220761223,0.212306795,0.037958976,0.021529787,-32.86201639
0.520309319,0.027837701,0.135176451,0.158611283,0.130221279,0.013127992,0.014715975,-93.25162075
0.092253993,0.016022745,0.345046883,0.312503368,0.196504812,0.02911092,0.008557278,-16.97978455
0.15485776,0.01705369,0.610339408,0.127642221,0.045249991,0.030097926,0.014759003,81.83223148
0.154710106,0.015237893,0.485335837,0.227474204,0.050419595,0.021136965,0.045685401,54.0141149
0.069191842,0.021852751,0.059650311,0.641933684,0.183159224,0.022760602,0.001451586,-172.5497969
0.412464126,0.020086411,0.156049874,0.340392144,0.023760486,0.033868926,0.013378032,81.10590987
0.303680105,0.025902752,0.340058815,0.130894077,0.149316444,0.035622643,0.014525164,19.36857551
0.052693524,0.017162377,0.503376074,0.137521252,0.251326436,0.026218519,0.011701818,34.90378712
0.061873722,0.016570123,0.658981158,0.066212987,0.152966102,0.016374254,0.027021655,91.55687041
0.340046755,0.018559403,0.43624303,0.11325525,0.02374892,0.036845925,0.031300718,74.64164783
0.220441161,0.001317009,0.437418658,0.047598981,0.227126863,0.052231741,0.013865587,21.46683784
0.028030413,0.01230379,0.366399224,0.438949343,0.077466018,0.04315286,0.033698352,-7.31970744
0.05388773,0.027809157,0.277264454,0.546783884,0.057516959,0.03053172,0.006206095,-48.34073625
0.344993785,0.035595485,0.163084375,0.280917172,0.145661639,0.021271836,0.008475708,-55.27307231
0.357797874,0.011656179,0.066981963,0.447579398,0.08623231,0.014552433,0.015199842,-26.89003898
0.289207985,0.011638103,0.534392664,0.037785592,0.045133345,0.054558721,0.027283591,71.63144837
0.464134624,0.022390011,0.302540232,0.075078263,0.063227012,0.045172271,0.027457586,107.3531
0.083158975,0.022860837,0.284851335,0.41317676,0.138922543,0.03179847,0.02523108,-25.47169
0.171697812,0.028858627,0.439527386,0.180348734,0.096431243,0.043966049,0.039170148,39.9666
0.223744039,0.012219722,0.527494894,0.053627052,0.105110068,0.04387579,0.033928434,50.38856
0.200270633,0.012735615,0.169446713,0.478007735,0.097772237,0.025870359,0.015896709,-70.37501
0.069149225,0.024815925,0.398875393,0.293083875,0.159813354,0.039889343,0.014372885,16.77727
0.030328106,0.023376584,0.283583841,0.547625971,0.065279104,0.030246913,0.019559481,-47.94857
0.071185334,0.018785099,0.418480986,0.376560117,0.054795874,0.032597357,0.027595232,21.61942
0.110252919,0.011568327,0.016325549,0.733742307,0.074132839,0.043077504,0.010900555,-146.64508
0.040132876,0.016908781,0.706307056,0.056379448,0.147251688,0.015780339,0.017239813,103.37473
0.35103238,0.02750127,0.205947377,0.280019279,0.107199938,0.024381211,0.003918546,4.61517
0.254403093,0.013892386,0.366303723,0.136133243,0.156490018,0.044849546,0.027927992,17.36993
0.132225973,0.02782097,0.187775204,0.548079972,0.049553889,0.048195069,0.006348924,-48.13141
0.028041556,0.028256307,0.101784207,0.67968748,0.131363803,0.015144609,0.015722038,-153.20215
0.296202361,0.014000002,0.178410483,0.398596355,0.059447545,0.029337831,0.024005422,1.35555
0.098502848,0.014780546,0.531657144,0.046045155,0.251058939,0.038021494,0.019933874,39.63244
0.154352652,0.026464834,0.223374159,0.346669612,0.215471581,0.016243326,0.017423836,-56.7754
0.513389504,0.003501605,0.245712093,0.143245018,0.029368299,0.039071999,0.025711481,134.02272
0.115765815,0.01510676,0.52674916,0.221256305,0.051389449,0.065140244,0.004592268,43.61712
0.313925995,0.017216851,0.258268786,0.168297374,0.179012143,0.037459889,0.025818963,-13.90225
0.056531289,0.013997349,0.364109494,0.427461175,0.088936661,0.043068112,0.005895919,-24.74663
0.500927338,0.012087996,0.168143498,0.161534379,0.127428539,0.021277737,0.008600512,-47.82878
0.045295748,0.012569225,0.240692884,0.477017966,0.182878592,0.035433711,0.006111874,-77.29146
0.202865714,0.025391378,0.365390642,0.296459966,0.054368812,0.03207734,0.023446148,10.2202
0.347520188,0.028493586,0.065361029,0.390307515,0.138821877,0.021260815,0.00823499,-106.24975
0.149949122,0.022680445,0.274299451,0.410165549,0.080462946,0.048883453,0.013559034,-27.37577
0.168495013,0.010417674,0.059385564,0.527824384,0.192196767,0.02815616,0.013524436,-135.87005
0.007229544,0.027796477,0.164107525,0.694154097,0.054838311,0.030791306,0.02108274,-108.84736
0.256800939,0.010845661,0.083036005,0.560350159,0.049223672,0.033695284,0.00604828,-27.22445
0.103261933,0.028010424,0.29018623,0.538863924,0.013553766,0.019801307,0.006322417,-29.65813
0.077731069,0.024005647,0.60820121,0.147971378,0.08069347,0.043035261,0.018361966,77.49322
0.02529435,0.027496504,0.223392132,0.622837906,0.055418621,0.03864806,0.006912428,-85.14733
0.585251719,0.031141104,0.133960775,0.089334817,0.12788355,0.018938927,0.013489108,-170.15596
0.009633686,0.01442455,0.277378352,0.594288697,0.045795442,0.032380759,0.026098515,-41.44194
0.217792138,0.01695154,0.26469491,0.253371554,0.178748961,0.046994622,0.021446274,-16.78988
0.091217163,0.014511506,0.337149196,0.441602307,0.058567105,0.025706482,0.031246241,-4.46385
0.034255727,0.022671796,0.152504023,0.668995221,0.099740419,0.015263593,0.006569221,-127.44674
0.336719021,0.023758279,0.361880935,0.156577287,0.047680377,0.036925265,0.036458836,59.85218
0.058793815,0.01547936,0.444382718,0.230357654,0.204670555,0.024277627,0.02203827,11.84055
0.363556977,0.023727073,0.140508239,0.217340829,0.212932097,0.039437096,0.002497689,-120.36637
0.088969711,0.025354784,0.391233679,0.381956811,0.061547933,0.030592228,0.020344855,-2.825
0.032874607,0.012004543,0.081539388,0.705818035,0.095522228,0.040665516,0.031575683,-133.159
0.205432247,0.011620113,0.115839067,0.565680681,0.049831384,0.032589395,0.019007113,-52.457
0.059221112,0.01481307,0.54818408,0.086432273,0.246173361,0.032629773,0.01254633,43.579
0.046321472,0.014740861,0.465495453,0.318867166,0.088405559,0.043710569,0.02245892,27.439
0.352766038,0.01241352,0.302436589,0.167426883,0.127321243,0.029837513,0.007798214,6.86
0.479664397,0.027415792,0.222482843,0.233761727,0.004206728,0.024339757,0.008128755,99.667
0.252436918,0.015026348,0.458265323,0.01295407,0.204010504,0.031255519,0.026051317,39.544
0.074726911,0.013722099,0.424770256,0.386787063,0.042407056,0.03359267,0.023993945,7.667
0.185651939,0.028299183,0.540253302,0.122598896,0.074764982,0.030290082,0.018141616,60.123
0.349149656,0.032105798,0.338022017,0.147819321,0.062974216,0.041684858,0.028244134,62.544
0.246084522,0.012240791,0.253061633,0.335056613,0.104501048,0.03258446,0.016470933,-28.246
0.096208843,0.014591655,0.347910994,0.462271711,0.032519084,0.015145701,0.031352012,-15.333
0.080373639,0.029990098,0.286395158,0.402497276,0.157979276,0.017623237,0.025141317,-37.527
0.547092171,0.014426287,0.134543646,0.155595135,0.08764811,0.031775759,0.028918891,6.456
0.035336113,0.016513945,0.226093508,0.489783908,0.178767508,0.029720716,0.023784303,-65.772
0.460595656,0.004565762,0.35951156,0.00149088,0.124383582,0.043042407,0.006410153,62.141
0.062773398,0.00150408,0.43704788,0.248187749,0.179230029,0.048277744,0.02297912,18.158
0.12660228,0.023180318,0.294870406,0.400138456,0.086767508,0.030728404,0.037712628,-16.544
0.163696479,0.014588301,0.242312637,0.318544399,0.215922969,0.03329039,0.011644826,-48.018
0.390947304,0.026107739,0.301281186,0.081434133,0.137429895,0.03670963,0.026090113,19.369
0.189245896,0.013247673,0.223179968,0.477418512,0.049783464,0.041126655,0.005997833,-25.018
0.349875384,0.017248658,0.238761868,0.247088233,0.084969728,0.035738856,0.026317272,25.018
0.380451078,0.023269494,0.138460534,0.306504805,0.137126489,0.012115848,0.002071752,-52.053
0.026740607,0.013307418,0.344447649,0.447788634,0.115038535,0.044134323,0.008542834,-33.491
0.094889078,0.015849539,0.681783737,0.121465336,0.011403639,0.043367792,0.031240879,103.299
0.159597775,0.008850129,0.266305896,0.440115035,0.08025932,0.043246536,0.001625309,-43.176
0.199747178,0.016207865,0.493929106,0.215262582,0.004878326,0.064884072,0.005090871,40.755
0.341069654,0.015529637,0.199518645,0.17348881,0.234328257,0.030124076,0.00594092,-86.352
0.275484884,0.014099984,0.343005694,0.271510843,0.085842818,0.005554977,0.0045008,6.86
0.302545073,0.019356253,0.150827475,0.41620661,0.082881835,0.019467638,0.008715116,-15.333
0.197035518,0.018126121,0.401549822,0.257705708,0.057103124,0.046520734,0.021958973,18.965
0.414459565,0.022822075,0.420346947,0.019158799,0.064163034,0.024633933,0.034415646,85.545
0.675937359,0.023611641,0.166803255,0.034859461,0.052366837,0.03049664,0.015924808,-136.387
0.119948719,0.027449934,0.186092613,0.524822036,0.084547529,0.047717077,0.009422091,-75.457
0.102900132,0.033230527,0.283902882,0.532388192,0.017084113,0.02238446,0.008109692,-32.281
0.249536286,0.014602118,0.400844544,0.1560784,0.152762268,0.018696894,0.007479491,10.088
0.027867609,0.015756257,0.352771065,0.370049466,0.154405459,0.049035948,0.030114195,-5.246
0.062518223,0.005494022,0.241539982,0.593411418,0.050622591,0.033339651,0.013074113,-77.878
0.140361768,0.005133806,0.083358934,0.517765907,0.211449347,0.033927821,0.008002416,-115.001
0.254403093,0.013892386,0.366303723,0.136133243,0.156490018,0.044849546,0.027927992,23.80721
0.202865714,0.025391378,0.365390642,0.296459966,0.054368812,0.03207734,0.023446148,16.54399
0.030328106,0.023376584,0.283583841,0.547625971,0.065279104,0.030246913,0.019559481,-53.26358
0.248023982,0.011453225,0.48832582,0.151769452,0.029817041,0.02427364,0.046336839,62.94787
0.056531289,0.013997349,0.364109494,0.427461175,0.088936661,0.043068112,0.005895919,-23.4037
0.076199064,0.029571481,0.642181842,0.147779475,0.046649706,0.039611255,0.018007177,89.17615
0.223744039,0.012219722,0.527494894,0.053627052,0.105110068,0.04387579,0.033928434,58.50924
0.508249602,0.015493889,0.2529149,0.136166335,0.047250004,0.015749806,0.024175464,119.43955
0.500927338,0.012087996,0.168143498,0.161534379,0.127428539,0.021277737,0.008600512,-50.439
0.159597775,0.008850129,0.266305896,0.440115035,0.08025932,0.043246536,0.001625309,-43.57929
0.200270633,0.012735615,0.169446713,0.478007735,0.097772237,0.025870359,0.015896709,-60.5268
0.067106049,0.008242123,0.730597263,0.050296985,0.075587559,0.035487619,0.032682403,113.38687
0.307130443,0.032210579,0.230642676,0.310037306,0.090521874,0.021177613,0.008279508,-4.84214
0.071185334,0.018785099,0.418480986,0.376560117,0.054795874,0.032597357,0.027595232,14.52643
0.053784765,0.021528297,0.49728592,0.330738915,0.032237112,0.035376798,0.029048193,43.98281
0.255096831,0.010335336,0.579443182,0.037733661,0.042557684,0.055028355,0.019804952,76.66728
0.270538501,0.020484723,0.360193207,0.223578884,0.053183401,0.026993765,0.045027519,48.82495
0.205060741,0.003505517,0.460426992,0.119136982,0.128050944,0.044688389,0.039130436,41.56173
0.163546276,0.014853163,0.428293751,0.208312651,0.104177224,0.04270051,0.038116425,24.61423
0.261814254,0.014486791,0.535163994,0.070864325,0.045990812,0.020886952,0.050792871,77.87781
0.132225973,0.02782097,0.187775204,0.548079972,0.049553889,0.048195069,0.006348924,-56.08817
0.165652207,0.025893004,0.33610982,0.400168982,0.029227214,0.033624621,0.009324152,-8.47375
0.253845935,0.035102637,0.136922796,0.415806086,0.124079449,0.025017103,0.009225994,-76.66728
0.414459565,0.022822075,0.420346947,0.019158799,0.064163034,0.024633933,0.034415646,85.54454
0.007229544,0.027796477,0.164107525,0.694154097,0.054838311,0.030791306,0.02108274,-110.15877
0.363556977,0.023727073,0.140508239,0.217340829,0.212932097,0.039437096,0.002497689,-123.47467
0.217792138,0.01695154,0.26469491,0.253371554,0.178748961,0.046994622,0.021446274,-22.59667
0.083158975,0.022860837,0.284851335,0.41317676,0.138922543,0.03179847,0.02523108,-35.10554
0.464134624,0.022390011,0.302540232,0.075078263,0.063227012,0.045172271,0.027457586,98.05341
0.090367274,0.009117212,0.245352654,0.372027881,0.227387971,0.034358941,0.021388067,-36.71959
0.02529435,0.027496504,0.223392132,0.622837906,0.055418621,0.03864806,0.006912428,-80.7024
0.035326524,0.012395883,0.337024252,0.500962107,0.070215628,0.029542197,0.014533408,-36.31608
0.089275285,0.008778413,0.394700901,0.291627535,0.134718696,0.043375972,0.037523199,12.91238
0.349149656,0.032105798,0.338022017,0.147819321,0.062974216,0.041684858,0.028244134,64.56192
0.133960569,0.006704698,0.534404007,0.065166715,0.213258167,0.039999225,0.006506619,43.17578
0.12660228,0.023180318,0.294870406,0.400138456,0.086767508,0.030728404,0.037712628,-16.54399
0.070360406,0.014195424,0.521154029,0.220756849,0.064059458,0.058469087,0.051004746,61.33382
0.081395261,0.01612097,0.038193423,0.585717286,0.216169532,0.04296742,0.01943611,-143.24676
0.085987709,0.014753648,0.458946467,0.224177596,0.137152717,0.043679157,0.035302707,33.4915
0.465728753,0.024145432,0.335792736,0.033794105,0.093719671,0.020696104,0.026123199,85.94805
0.453728944,0.023022829,0.335225002,0.119937356,0.029297345,0.033471506,0.005317018,97.65
0.110046072,0.026381236,0.539400217,0.237586361,0.044040673,0.033620119,0.008925321,56.088
0.171697812,0.028858627,0.439527386,0.180348734,0.096431243,0.043966049,0.039170148,38.334
0.264453194,0.029782994,0.219803491,0.26345343,0.19179521,0.022250763,0.008460919,-59.72
0.014907832,0.018581264,0.423114335,0.39192532,0.08164856,0.033359162,0.036463527,19.772
0.135233539,0.002403456,0.619119136,0.062078985,0.103127659,0.043435965,0.034601259,81.106
0.50103257,0.00824481,0.172760532,0.156390612,0.119774158,0.031043773,0.010753545,-27.842
0.267035397,0.036267111,0.275389911,0.328507466,0.039383541,0.035667322,0.017749251,18.158
0.313925995,0.017216851,0.258268786,0.168297374,0.179012143,0.037459889,0.025818963,-17.351
0.522928765,0.032718878,0.23120007,0.074822681,0.102874579,0.020403856,0.015051171,-20.176
0.217521316,0.012498893,0.537888462,0.050518969,0.084271073,0.063143828,0.034157458,64.158
0.009633686,0.01442455,0.277378352,0.594288697,0.045795442,0.032380759,0.026098515,-48.825
0.115261498,0.00874684,0.266149753,0.474368336,0.086187353,0.042082839,0.00720338,-56.492
0.009478326,0.024302247,0.348753916,0.557256923,0.027051239,0.00620933,0.026948019,-27.842
0.186571997,0.012539445,0.101974474,0.561565964,0.08225568,0.041433654,0.013658786,-84.334
0.135464693,0.009354794,0.465214206,0.110440585,0.227384915,0.032304267,0.01983654,29.86
0.265213249,0.01131276,0.073228661,0.373866056,0.228571523,0.03291081,0.014896941,-132.352
0.053516234,0.017020502,0.457905479,0.221321725,0.21363205,0.001007175,0.035596836,25.825
0.485482341,0.024273967,0.36173837,0.019156128,0.056585682,0.019418686,0.033344827,111.773
0.219700565,0.032250302,0.224980465,0.345957383,0.125962267,0.039222085,0.011926933,-33.895
0.055121407,0.012511066,0.448102547,0.268928838,0.139931247,0.043788044,0.031616851,25.421
0.078443174,0.01926452,0.383442255,0.409659128,0.069552951,0.030531661,0.00910631,-8.877
0.106824639,0.007697795,0.252549083,0.402218271,0.174139575,0.034433568,0.02213707,-48.421
0.222595384,0.029732021,0.363752298,0.299840532,0.020909965,0.029772812,0.033396988,40.351
0.00701033,0.014565371,0.622040653,0.205300297,0.071510876,0.043966252,0.035606221,89.58
0.252965748,0.026084651,0.368028512,0.132213353,0.1849564,0.004588057,0.031163279,18.158
0.111072795,0.032989237,0.251786064,0.311059228,0.274908035,0.010972022,0.00721262,-58.913
0.04024438,0.014700158,0.520662046,0.246582303,0.138076249,0.003410383,0.036324483,49.228
0.435214672,0.014360136,0.252786062,0.131956701,0.104074257,0.042862627,0.018745544,31.474
0.417439783,0.033830687,0.175975283,0.251668681,0.086865027,0.021974722,0.012245817,-27.842
0.090348444,0.026061017,0.466033155,0.337417141,0.034503829,0.03710615,0.008530263,25.018
0.347520188,0.028493586,0.065361029,0.390307515,0.138821877,0.021260815,0.00823499,-109.755
0.12548006,0.028004244,0.384338993,0.324646369,0.094331497,0.028236877,0.01496196,0.404
0.146654597,0.009823236,0.359087061,0.295601422,0.140301881,0.011772284,0.036759519,-4.842
0.042993849,0.018641303,0.361632208,0.37416382,0.133541213,0.032068896,0.036958711,-4.035
0.37598325,0.023299169,0.270568663,0.224512641,0.058866689,0.028580383,0.018189205,52.86
0.405000035,0.013849748,0.275561215,0.10504813,0.129713161,0.033011831,0.037815881,52.05305
0.085987709,0.014753648,0.458946467,0.224177596,0.137152717,0.043679157,0.035302707,33.49149
0.154842836,0.021300605,0.252558946,0.452098682,0.074245506,0.033872628,0.011080797,-38.33364
0.032288076,0.000803503,0.123745471,0.734533863,0.048872827,0.034549202,0.025207059,-127.50979
0.314734456,0.018766853,0.433983712,0.116783374,0.064519859,0.018727234,0.032484512,68.19352
0.483147178,0.029451546,0.29170175,0.08006387,0.04923755,0.039336321,0.027061786,43.57929
0.114356693,0.0070209,0.5087537,0.266555285,0.010160145,0.039047786,0.054105491,58.91276
0.219118513,0.013879323,0.414123463,0.185135999,0.12532258,0.002114393,0.040305729,25.82477
0.16171226,0.012267619,0.52121771,0.03876068,0.195738193,0.041267219,0.02903632,52.86007
0.58365246,0.018613911,0.120106644,0.1951854,0.023732473,0.041117746,0.017591367,27.0353
0.205060741,0.003505517,0.460426992,0.119136982,0.128050944,0.044688389,0.039130436,41.56174
0.134239582,0.008338211,0.432407391,0.163581582,0.216093522,0.044521563,0.00081815,10.0878
0.336719021,0.023758279,0.361880935,0.156577287,0.047680377,0.036925265,0.036458836,54.0706
0.016506159,0.013268661,0.423718139,0.359915574,0.134743047,0.041836546,0.010011874,5.64917
0.163696479,0.014588301,0.242312637,0.318544399,0.215922969,0.03329039,0.011644826,-47.2109
0.250904523,0.01627364,0.405775362,0.219523843,0.026748467,0.044829651,0.035944515,47.61442
0.003584758,0.009795423,0.686472043,0.179994813,0.048597561,0.044045855,0.027509547,117.42199
0.508249602,0.015493889,0.2529149,0.136166335,0.047250004,0.015749806,0.024175464,116.21145
0.372216473,0.024882761,0.194991173,0.315325847,0.029530041,0.038641432,0.024412274,56.89519
0.114697092,0.016392577,0.602034218,0.123707544,0.093540944,0.030204556,0.01942307,73.84269
0.186898725,0.018463598,0.614649572,0.102924395,0.017381312,0.037032254,0.022650145,77.07079
0.169080004,0.021740933,0.521088417,0.162079932,0.060794727,0.014470984,0.050745004,62.54436
0.103261933,0.028010424,0.29018623,0.538863924,0.013553766,0.019801307,0.006322417,-37.93013
0.127352627,0.003622367,0.427614244,0.192629532,0.157491508,0.043775143,0.047514579,28.64935
0.047842113,0.005785024,0.516000173,0.357074009,0.004769242,0.03916339,0.029366049,39.54418
0.019993498,0.007172335,0.681354122,0.095227241,0.143173125,0.024326082,0.028753597,98.86044
0.2073876,0.013474476,0.38740833,0.221877315,0.080635962,0.049384687,0.03983163,29.45638
0.216977482,0.008116927,0.392817993,0.141780149,0.211161442,0.027724173,0.001421834,-3.228
0.464134624,0.022390011,0.302540232,0.075078263,0.063227012,0.045172271,0.027457586,98.053
0.622481204,0.029665874,0.157477233,0.089843039,0.050334879,0.022474343,0.027723428,21.386
0.313752634,0.022886842,0.122494981,0.470901655,0.018677457,0.033856329,0.017430103,35.913
0.137888733,0.018571179,0.346467335,0.326161037,0.080261769,0.051161037,0.039488911,4.035
0.156611653,0.003388286,0.463421684,0.096659813,0.190178834,0.053016327,0.036723403,39.544
0.235088167,0.010049164,0.411002727,0.131650625,0.117033612,0.057003971,0.038171734,40.755
0.09589669,0.012213292,0.033978624,0.738679847,0.05597797,0.032085017,0.031168559,-123.878
0.251710365,0.01711277,0.515364772,0.117886968,0.023981492,0.046700576,0.027243057,69.001
0.031625632,0.014024473,0.653653834,0.041832478,0.190745064,0.040895478,0.027223041,78.685
0.316358977,0.014671466,0.313532342,0.205875294,0.104256902,0.034172737,0.011132281,20.983
0.413404489,0.014847376,0.417941504,0.006647159,0.126333784,0.002316903,0.018508785,57.702
0.113868986,0.025683568,0.534690501,0.215937704,0.030647815,0.030408303,0.048763122,53.264
0.518978242,0.013888016,0.167544764,0.209128332,0.03444553,0.034503501,0.021511615,123.878
0.164281364,0.028346746,0.245702615,0.473819247,0.02387528,0.039007574,0.024967174,-22.193
0.176886465,0.012899495,0.55731622,0.040158691,0.15024479,0.033572953,0.028921386,59.316
0.179097619,0.005006471,0.453568158,0.199025036,0.07211894,0.043828946,0.04735483,46.807
0.362139789,0.019534779,0.329897309,0.20062107,0.026585384,0.040919367,0.020302302,54.071
0.073386253,0.014714563,0.34391611,0.338789052,0.144749946,0.047072223,0.037371853,-5.649
0.062383209,0.00670024,0.541646251,0.275923109,0.020299031,0.035872542,0.057175617,66.983
0.115675347,0.013282977,0.417608318,0.220856604,0.168630636,0.030901209,0.033044908,22.193
0.281250753,0.013277832,0.412487599,0.192803502,0.003368137,0.056268939,0.040543237,61.334
0.133344946,0.013925466,0.463222854,0.331087054,0.015587812,0.001584268,0.041247598,36.72
0.129461791,0.000711911,0.264814794,0.437140176,0.101531714,0.042804181,0.023535433,-43.176
0.096009022,0.024169284,0.231233602,0.556489636,0.031155547,0.036539206,0.024403703,-45.597
0.078517694,0.01680852,0.626303055,0.136303504,0.067405528,0.047166081,0.027495619,82.316
0.061442956,0.014078819,0.486227973,0.175203907,0.196053321,0.038980503,0.028012521,37.93
0.102939261,0.014970514,0.671511301,0.079391744,0.049212791,0.04602835,0.03594604,97.65
0.390334734,0.011174702,0.142389277,0.224861258,0.185901816,0.043768272,0.001569941,-103.299
0.76443208,0.017599174,0.149537403,0.00097085,0.022467548,0.027141434,0.01785151,-315.143
0.226688074,0.008405518,0.300630632,0.1774252,0.219636242,0.044165832,0.023048502,-8.877
0.350009081,0.028376837,0.405967012,0.071519785,0.064203482,0.048559754,0.031364049,63.755
0.098407274,0.021597584,0.580422513,0.181198776,0.059725268,0.014825111,0.043823474,72.229
0.415061532,0.013952784,0.283457987,0.138587891,0.063204139,0.055359496,0.030376171,70.211
0.205060741,0.003505517,0.460426992,0.119136982,0.128050944,0.044688389,0.039130436,42.36876
0.164281364,0.028346746,0.245702615,0.473819247,0.02387528,0.039007574,0.024967174,-14.52643
0.028825045,0.006597969,0.683813267,0.076146475,0.165367025,0.029959622,0.009290596,87.15859
0.254403093,0.013892386,0.366303723,0.136133243,0.156490018,0.044849546,0.027927992,20.57911
0.16171226,0.012267619,0.52121771,0.03876068,0.195738193,0.041267219,0.02903632,52.05305
0.178707553,0.0150872,0.385739779,0.327111166,0.046798227,0.023929545,0.022626532,13.3159
0.169080004,0.021740933,0.521088417,0.162079932,0.060794727,0.014470984,0.050745004,61.73733
0.177589199,0.026975799,0.425357384,0.25769317,0.024324496,0.036445425,0.051614528,42.36876
0.200270633,0.012735615,0.169446713,0.478007735,0.097772237,0.025870359,0.015896709,-58.10573
0.336719021,0.023758279,0.361880935,0.156577287,0.047680377,0.036925265,0.036458836,58.10573
0.21530391,0.009134319,0.271940706,0.281968229,0.158988246,0.03874889,0.0239157,-19.36858
0.255096831,0.010335336,0.579443182,0.037733661,0.042557684,0.055028355,0.019804952,75.05323
0.721745019,0.027377142,0.146496631,0.034171363,0.022988089,0.032470263,0.014751495,-209.42271
0.070360406,0.014195424,0.521154029,0.220756849,0.064059458,0.058469087,0.051004746,58.10573
0.163546276,0.014853163,0.428293751,0.208312651,0.104177224,0.04270051,0.038116425,27.84233
0.089275285,0.008778413,0.394700901,0.291627535,0.134718696,0.043375972,0.037523199,12.10536
0.149989207,0.017179429,0.431817917,0.168537799,0.188446134,0.029968403,0.014061111,19.36858
0.441143345,0.038896027,0.312439896,0.059385764,0.02730957,0.084543557,0.036281841,54.47412
0.0199625,0.014769755,0.766507145,0.097234543,0.051388279,0.012896572,0.037241206,148.89592
0.581013341,0.004213218,0.100845456,0.182960053,0.064590326,0.038883253,0.027494353,-13.3159
0.009548304,0.015089652,0.108175539,0.750062034,0.055907831,0.021157162,0.040059478,-125.89575
0.219118513,0.013879323,0.414123463,0.185135999,0.12532258,0.002114393,0.040305729,29.05286
0.083158975,0.022860837,0.284851335,0.41317676,0.138922543,0.03179847,0.02523108,-42.36876
0.261814254,0.014486791,0.535163994,0.070864325,0.045990812,0.020886952,0.050792871,78.68484
0.491772726,0.027134942,0.258139001,0.087282801,0.059249621,0.04167522,0.03474569,89.57966
0.047842113,0.005785024,0.516000173,0.357074009,0.004769242,0.03916339,0.029366049,38.73715
0.366772233,0.015243108,0.444575122,0.023368777,0.089730691,0.038828425,0.021481644,60.5268
0.229900623,0.022999347,0.463812621,0.150506044,0.044804853,0.035467127,0.052509385,62.94787
0.203191363,0.01358087,0.530868959,0.100925395,0.071799765,0.057384312,0.022249337,62.94787
0.270538501,0.020484723,0.360193207,0.223578884,0.053183401,0.026993765,0.045027519,49.63198
0.037250972,0.001795465,0.399147186,0.399092231,0.095308119,0.039915176,0.027490851,6.05268
0.114697092,0.016392577,0.602034218,0.123707544,0.093540944,0.030204556,0.01942307,73.8427
0.299160838,0.018349257,0.454392661,0.093577818,0.025420354,0.052461652,0.056637419,85.94805
0.063869785,0.014438253,0.477072217,0.321300401,0.054240051,0.016258385,0.052820907,43.57929
0.086156584,0.004486203,0.135458079,0.615551969,0.075127928,0.060065951,0.023153286,-87.15859
0.085987709,0.014753648,0.458946467,0.224177596,0.137152717,0.043679157,0.035302707,35.10554
0.146602881,0.012177601,0.583528349,0.035295279,0.166596089,0.027224235,0.028575565,67.79001
0.513389504,0.003501605,0.245712093,0.143245018,0.029368299,0.039071999,0.025711481,134.36949
0.371774345,0.014698229,0.422187549,0.016256125,0.115095326,0.039745966,0.02024246,49.632
0.03409765,0.018009161,0.559836419,0.169389449,0.186361183,0.023278596,0.009027542,48.421
0.112908097,0.006207956,0.391282159,0.370520094,0.051058749,0.015180544,0.052842401,16.948
0.127352627,0.003622367,0.427614244,0.192629532,0.157491508,0.043775143,0.047514579,27.842
0.090871787,0.025778001,0.735281361,0.064394521,0.009635711,0.043201583,0.030837036,124.685
0.083836018,0.016640431,0.104688852,0.705470894,0.027263302,0.0292672,0.032833302,-87.159
0.514814135,0.018799461,0.16434502,0.169964305,0.0826791,0.042740595,0.006657384,-18.158
0.065455112,0.006801228,0.518711124,0.079956876,0.260891771,0.045847883,0.022336006,43.579
0.073386253,0.014714563,0.34391611,0.338789052,0.144749946,0.047072223,0.037371853,-4.842
0.211796955,0.013914213,0.189692904,0.500920228,0.027670219,0.04260153,0.013403951,-16.948
0.084321723,0.026645817,0.509007828,0.297702341,0.010348204,0.034115879,0.037858207,48.421
0.047170426,0.014827007,0.481167872,0.304184571,0.080981878,0.015198937,0.056469308,46
0.098407274,0.021597584,0.580422513,0.181198776,0.059725268,0.014825111,0.043823474,76.264
0.579441775,0.006826355,0.234621847,0.064595744,0.036849796,0.049142802,0.028521682,148.896
0.41022835,0.048272363,0.296616243,0.149280951,0.03039087,0.041587671,0.023623551,75.053
0.031625632,0.014024473,0.653653834,0.041832478,0.190745064,0.040895478,0.027223041,81.106
0.009478326,0.024302247,0.348753916,0.557256923,0.027051239,0.00620933,0.026948019,-30.263
0.148725148,0.016356413,0.490796022,0.111406433,0.189252533,0.029798762,0.013664689,38.737
0.076895945,0.011421866,0.408326483,0.2626016,0.169754923,0.041073205,0.029925977,12.105
0.396647943,0.023133595,0.362785472,0.06493758,0.041390571,0.075582084,0.035522755,87.159
0.250904523,0.01627364,0.405775362,0.219523843,0.026748467,0.044829651,0.035944515,42.369
0.143471211,0.015222854,0.280181726,0.39915285,0.093020469,0.040715978,0.028234911,-21.79
0.035539325,0.022528631,0.655980822,0.142980498,0.053425918,0.035626198,0.053918608,105.317
0.20749906,0.02094547,0.529168532,0.152792493,0.047292888,0.035411557,0.00689,52.053
0.227721045,0.007200377,0.476143114,0.08778752,0.144023429,0.017976538,0.039147977,47.211
0.271028629,0.010617316,0.523973363,0.021777831,0.041560469,0.111732109,0.019310281,69.001
0.096009022,0.024169284,0.231233602,0.556489636,0.031155547,0.036539206,0.024403703,-47.211
0.101305021,0.015229022,0.477735555,0.321603652,0.064178372,0.016422495,0.003525883,16.948
0.171697812,0.028858627,0.439527386,0.180348734,0.096431243,0.043966049,0.039170148,37.527
0.316358977,0.014671466,0.313532342,0.205875294,0.104256902,0.034172737,0.011132281,16.948
0.04024438,0.014700158,0.520662046,0.246582303,0.138076249,0.003410383,0.036324483,50.843
0.374139881,0.016759135,0.142410316,0.391186115,0.024288848,0.048509455,0.00270625,64.158
0.327552709,0.013939985,0.399071285,0.080038038,0.120475058,0.02418327,0.034739657,38.737
0.29914932,0.036719599,0.435644052,0.120785588,0.024842938,0.0353908,0.047467703,88.369
0.223744039,0.012219722,0.527494894,0.053627052,0.105110068,0.04387579,0.033928434,59.316
0.275762632,0.026981251,0.260049573,0.31538722,0.055501384,0.042367326,0.023950615,20.579
0.538842642,0.057533478,0.252545417,0.032530019,0.051436988,0.040289324,0.026822132,59.316
0.435214672,0.014360136,0.252786062,0.131956701,0.104074257,0.042862627,0.018745544,29.053
0.246366675,0.014751396,0.502569037,0.053816502,0.045063081,0.106409554,0.031023755,67.847
0.121282177,0.011770315,0.551848987,0.070038864,0.154192986,0.063789219,0.027077452,61.548
0.01113381,0.012954912,0.692363621,0.007362021,0.206765897,0.022404583,0.047015156,75.217
0.020349674,0.001356993,0.547455886,0.188438096,0.135542125,0.042504285,0.064352941,64.789
0.065455112,0.006801228,0.518711124,0.079956876,0.260891771,0.045847883,0.022336006,40.282
0.074850837,0.009019493,0.665893845,0.07556496,0.073620093,0.079043734,0.022007038,86.213
0.012531985,0.005810081,0.391536811,0.217836028,0.312511999,0.036597236,0.02317586,0.479
0.096816913,0.009624014,0.458052096,0.18732668,0.143214802,0.068333786,0.036631708,47.356
0.016605994,0.003104879,0.78537659,0.005711248,0.085924701,0.058913859,0.044362729,132.667
0.057851144,0.011734705,0.606098532,0.023935165,0.224418381,0.056048192,0.019913881,52.387
0.018579317,0.011040144,0.521952179,0.139341916,0.255232856,0.032278724,0.021574863,43.579
0.033775342,0.009534733,0.61967136,0.086337819,0.163659342,0.064166598,0.022854806,72.229
0.250092239,0.013562989,0.486305785,0.073334855,0.066443748,0.102318653,0.007941731,54.878
0.081246735,0.006518557,0.450330864,0.206580382,0.177772034,0.069613709,0.00793772,24.211
0.027092775,0.006791126,0.51707824,0.077788047,0.324058162,0.023978865,0.023212786,37.527
0.028202834,0.005620912,0.538354015,0.188547867,0.154735871,0.063745666,0.020792836,51.65
0.112070524,0.002072783,0.536026008,0.104927941,0.146866717,0.069871031,0.028164997,53.667
0.031753155,0.002174748,0.375813498,0.230336039,0.305710427,0.043626599,0.010585533,-0.807
0.085282199,0.009785471,0.698269225,0.054882977,0.03157362,0.105514124,0.014692385,106.124
0.006532084,0.002526126,0.427887019,0.234258556,0.284229827,0.035028215,0.009538174,11.702
0.080096969,0.016953376,0.607875225,0.073985247,0.135676726,0.062777574,0.022634883,74.65
0.112193839,0.007821875,0.338217393,0.17618427,0.305996099,0.051256735,0.008329789,-12.509
0.134022069,0.001811092,0.474088212,0.114323308,0.192829875,0.068686765,0.014238679,32.281
0.313592956,0.015157919,0.458409203,0.017104626,0.061948125,0.102916198,0.030870973,72.229
0.15891047,0.013198264,0.499084112,0.160936404,0.045191299,0.092807293,0.029872158,55.281
0.011192968,0.006622054,0.498588373,0.208470592,0.179311795,0.057705776,0.038108443,48.825
0.012776568,0.014406435,0.769286978,0.048275397,0.029662717,0.106534126,0.019057779,121.861
0.196901395,0.005783009,0.551230052,0.070224123,0.065233796,0.093630217,0.016997407,63.755
0.098502848,0.014780546,0.531657144,0.046045155,0.251058939,0.038021494,0.019933874,47.211
0.204901129,0.010057495,0.260482018,0.399296641,0.061368841,0.040643726,0.02325015,-14.123
0.109461809,0.013468455,0.738839675,0.02901677,0.04390064,0.033549402,0.03176325,120.65
0.246137361,0.014891166,0.548584192,0.043480577,0.088100764,0.029742968,0.029062972,71.825
0.040392528,0.016721698,0.035211585,0.618133143,0.225633392,0.038746528,0.025161125,-136.387
0.096618269,0.014030338,0.194502981,0.596006092,0.0425528,0.039850371,0.016439149,-69.001
0.099009905,0.017280512,0.496240867,0.252762497,0.065740764,0.042505923,0.026459532,47.211
0.247377754,0.010863842,0.156043124,0.353813074,0.182844784,0.032523888,0.016533534,-64.158
0.209078867,0.025541039,0.111217898,0.539143907,0.067350295,0.027355182,0.020312811,-56.088
0.024949964,0.020368594,0.64811324,0.192387166,0.085120349,0.019490388,0.009570301,93.615
0.313226309,0.011257274,0.261773267,0.261616562,0.101561389,0.032233691,0.018331509,1.211
0.049414553,0.014533705,0.128593884,0.638257514,0.088658678,0.051190322,0.029351345,-106.124
0.423354947,0.00183877,0.137770944,0.32879092,0.081720524,0.017294507,0.00922939,46.807
0.095502802,0.014872634,0.422751596,0.326312795,0.086217875,0.033116015,0.021226283,9.281
0.149989207,0.017179429,0.431817917,0.168537799,0.188446134,0.029968403,0.014061111,17.351
0.190531669,0.01370406,0.507165509,0.181990648,0.058968509,0.041769926,0.005869679,41.158
0.21145474,0.014378083,0.224264063,0.406349204,0.095603865,0.01659915,0.031350895,-29.86
0.232185701,0.024271545,0.311052685,0.206615077,0.177764046,0.037280007,0.010830938,-9.281
0.181741177,0.020236379,0.284325561,0.453976707,0.028352105,0.021792887,0.009575184,-16.544
0.020096753,0.013681686,0.353110246,0.448430069,0.104852762,0.014400849,0.045427634,-13.316
0.081470818,0.01547548,0.39925466,0.267785799,0.192109554,0.022875932,0.021027757,4.439
0.011096065,0.023944585,0.459304415,0.384112546,0.075805904,0.030582544,0.015153942,19.369
0.031568673,0.021391577,0.100600874,0.71221422,0.058213768,0.050286538,0.02572435,-116.615
0.097691065,0.023721033,0.314237528,0.361515789,0.138126125,0.033541715,0.031166745,-16.14
0.367370671,0.017172561,0.259523817,0.183829827,0.12923386,0.016403746,0.026465518,22.193
0.125202942,0.011229417,0.156358619,0.443375256,0.211476837,0.044465926,0.007891003,-86.755
0.304628346,0.018477655,0.067123613,0.477757631,0.104080191,0.019558,0.008374564,-61.737
0.245750691,0.018237968,0.282590818,0.303501085,0.089470644,0.035069885,0.025378909,-3.228
0.162885788,0.008024004,0.24738552,0.331463259,0.215821915,0.019511881,0.014907632,-48.421
0.207090094,0.013999723,0.430332503,0.177067412,0.111850934,0.054304842,0.005354491,26.228
0.060256744,0.017341539,0.573855116,0.077410838,0.21299068,0.032024676,0.026120407,58.913
0.083376279,0.01329779,0.252186958,0.580295844,0.024460548,0.041395135,0.004987447,-60.123
0.243253562,0.018777495,0.146519914,0.465260665,0.069879107,0.033167123,0.023142136,-27.439
0.042738619,0.012855028,0.637487478,0.212803172,0.03679586,0.033518507,0.023801336,89.983
0.496119969,0.017591292,0.280455897,0.060764132,0.119668296,0.011786437,0.013613977,51.65
0.091505377,0.017732436,0.234491163,0.458840544,0.155936061,0.016362274,0.025132144,-58.509
0.069101,0.219752,0.051382,0.500731,0.103434,0.046354,0.009247,49.228
0.039911,0.050822,0.54964,0.075741,0.192768,0.055146,0.035972,211.844
0.450117,0.223681,0.162803,0.063451,0.030438,0.048969,0.020541,-24.614
0.184747,0.293067,0.193663,0.196891,0.046029,0.075436,0.010167,109.755
0.291698,0.069758,0.322554,0.152531,0.090175,0.072175,0.001109,118.229
0.06973,0.156063,0.496233,0.119868,0.080747,0.059006,0.018353,255.423
0.322918,0.05699,0.046613,0.445604,0.031806,0.086247,0.009823,48.018
0.07732,0.060299,0.26266,0.447813,0.084925,0.032381,0.034603,76.667
0.121264,0.108897,0.376037,0.138959,0.169376,0.070011,0.015455,135.984
0.261622,0.46956,0.125845,0.078467,0.005101,0.054401,0.005005,143.65
0.289075,0.175652,0.365569,0.072267,0.063759,0.03195,0.001727,156.966
0.223527,0.057965,0.505885,0.036848,0.036886,0.114811,0.024078,278.02
0.080498,0.115022,0.121678,0.558884,0.063926,0.055683,0.004309,76.667
0.057616,0.2784,0.351306,0.14642,0.099469,0.064446,0.002344,211.844
0.208567,0.118116,0.184159,0.241121,0.141932,0.095328,0.010778,64.158
0.364554,0.04491,0.178217,0.268421,0.052722,0.073299,0.017877,95.632
0.058262,0.174358,0.592719,0.051265,0.076374,0.036138,0.010885,317.16
0.084932,0.463479,0.271259,0.065924,0.044513,0.067608,0.002285,303.845
0.085203,0.372057,0.07123,0.349678,0.041943,0.076129,0.00376,62.141
0.070105,0.077528,0.0817,0.492838,0.204416,0.059342,0.01407,54.474
0.082309,0.054142,0.647993,0.067511,0.057054,0.058386,0.032605,310.704
0.051006,0.065805,0.349666,0.224738,0.242664,0.049487,0.016634,81.106
0.207573,0.080264,0.436285,0.109973,0.075384,0.067612,0.022909,191.668
0.441213,0.108449,0.121509,0.199762,0.060999,0.060989,0.007077,65.772
0.275504,0.067528,0.083976,0.357434,0.137289,0.06472,0.013549,52.457
0.556342,0.07949,0.202603,0.052883,0.025068,0.045679,0.037936,-85.141
0.10557,0.087457,0.400706,0.292793,0.055475,0.03387,0.024129,135.177
0.101708,0.068869,0.542003,0.020667,0.115434,0.132368,0.01895,280.844
0.143138,0.192455,0.165914,0.341689,0.090535,0.056399,0.00987,59.316
0.071384,0.098963,0.03438,0.646352,0.072703,0.070888,0.00533,90.387
0.08937,0.601351,0.085156,0.153553,0.036939,0.028543,0.005088,186.019
0.540503,0.104048,0.076656,0.185863,0.049549,0.023438,0.019943,-3.228
0.654771,0.127109,0.101591,0.03595,0.028715,0.028704,0.023158,-290.932
0.422111,0.093097,0.284625,0.071832,0.039256,0.064426,0.024652,77.878
0.057257,0.302766,0.433634,0.048566,0.042254,0.099483,0.016041,345.81
0.181074,0.168986,0.018531,0.405709,0.090114,0.13119,0.004396,45.193
0.332104,0.301562,0.090422,0.174409,0.027889,0.061328,0.012286,1.211
0.165397,0.234499,0.346496,0.077034,0.056254,0.101648,0.018672,231.616
0.073905,0.046779,0.253699,0.329549,0.252213,0.043643,0.000212,53.667
0.054409,0.123409,0.454438,0.076115,0.205475,0.063367,0.022787,189.247
0.076786,0.215064,0.011404,0.446443,0.135525,0.112614,0.002164,52.354
0.034296,0.102613,0.238585,0.539321,0.035687,0.028093,0.021404,77.928
